20
-110 0 120
-110 30 120
60 0 120
60 30 120
-140 0 100
-140 90 100
100 0 100
100 60 100
140 0 -100
140 90 -100
-100 0 -100
-100 60 -100
110 0 -120
110 30 -120
-60 0 -120
-60 30 -120
-60 150 60
-40 150 -60
60 150 -60
40 150 60
1
1 0
0 1 1
1 0 0 0
0 1 0 0 1
0 0 1 0 0 0
0 0 0 1 0 0 1
0 0 0 0 0 0 1 0
0 0 0 0 0 0 0 1 1
0 0 0 0 1 0 0 0 0 0
0 0 0 0 0 1 0 0 0 0 1
0 0 0 0 0 0 0 0 1 0 0 0
0 0 0 0 0 0 0 0 0 1 0 0 1
0 0 0 0 0 0 0 0 0 0 1 0 1 0
0 0 0 0 0 0 0 0 0 0 0 1 0 1 1
0 0 0 0 0 1 0 0 0 0 0 0 0 0 0 0
0 0 0 0 0 0 0 0 0 0 0 1 0 0 0 0 1
0 0 0 0 0 0 0 0 0 1 0 0 0 0 0 0 0 1
0 0 0 0 0 0 0 1 0 0 0 0 0 0 0 0 1 0 1

”прощЄнный кристалл тиосульфата кальци€