18
100 100 100
100 100 -100
100 -100 100
100 -100 -100
-100 100 100
-100 100 -100
-100 -100 100
-100 -100 -100
0 170 100
0 170 -100
-30 -100 100
30 -100 100
-30 40 100
30 40 100
100 30 30
100 30 -30
100 -30 30
100 -30 -30
1 
1 0
0 1 1
1 0 0 0
0 1 0 0 1
0 0 1 0 1 0
0 0 0 1 0 1 1
1 0 0 0 1 0 0 0
0 1 0 0 0 1 0 0 1
0 0 0 0 0 0 0 0 0 0
0 0 0 0 0 0 0 0 0 0 0
0 0 0 0 0 0 0 0 0 0 1 0
0 0 0 0 0 0 0 0 0 0 0 1 1
0 0 0 0 0 0 0 0 0 0 0 0 0 0
0 0 0 0 0 0 0 0 0 0 0 0 0 0 1
0 0 0 0 0 0 0 0 0 0 0 0 0 0 1 0
0 0 0 0 0 0 0 0 0 0 0 0 0 0 0 1 1


это домик